0.000000 1096.792317 0.000000 1721.557432
0.000000 745.056729 723.712719 1948.996000
0.000000 0.000000 0.000000 0.000000
0.000000 2.683302 316.529325 0.000000
1497.774831 577.344104 0.000000 801.949132
1510.899431 86.709252 483.964039 662.657659
1403.962496 288.210809 214.589603 95.021240
20.062584 -10.471456 244.300973 0.000000
1224.163135 404.548995 0.000000 208.852510
691.144593 20.479340 218.486772 -1.765127
349.442536 0.920802 -42.805930 -23.981786
16.182207 4.072814 5.466556 0.000000
916.367247 0.000000 0.000000 70.929285
0.000000 0.000000 0.000000 0.000000
6.033707 0.000000 4.010266 0.023574
-22.627028 0.000000 0.431471 0.000000
